; Translated with ADS Netlist Translator (*) 571.shp Nov  8 2022
;
; Predictive Technology Model Beta Version
; 130nm NMOS SPICE Parametersv (normal one)
;
model nmos MOSFET Lint=2.5e-08 Tox=3.3e-09 Vth0=0.332 Rdsw=200 Tnom=27.0 Version=3.1 Xj=4.5000000e-08 \
      Nch=5.6000000e+17 Lln=1.0000000 Lwn=0.00 Wln=0.00 Wwn=1.0000000 Ll=0.00 Lw=0.00 Lwl=0.00 \
      Wint=0.00 Wl=0.00 Ww=0.00 Wwl=0.00 Mobmod=1 Binunit=2 Xl=0 Xw=0 Dwg=0.00 Dwb=0.00 K1=0.3661500 \
      K2=0.00 K3=0.00 Dvt0=8.7500000 Dvt1=0.7000000 Dvt2=5.0000000e-02 Dvt0w=0.00 Dvt1w=0.00 \
      Dvt2w=0.00 Nlx=3.5500000e-07 W0=0.00 K3b=0.00 Ngate=5.0000000e+20 Vsat=1.3500000e+05 \
      Ua=-1.8000000e-09 Ub=2.2000000e-18 Uc=-2.9999999e-11 Prwb=0.00 Prwg=0.00 Wr=1.0000000 \
      U0=1.3400000e-02 A0=2.1199999 Keta=4.0000000e-02 A1=0.00 A2=0.9900000 Ags=-0.1000000 \
      B0=0.00 B1=0.00 Voff=-7.9800000e-02 Nfactor=1.1000000 Cit=0.00 Cdsc=0.00 Cdscb=0.00 \
      Cdscd=0.00 Eta0=4.0000000e-02 Etab=0.00 Dsub=0.5200000 Pclm=0.1000000 Pdiblc1=1.2000000e-02 \
      Pdiblc2=7.5000000e-03 Pdiblcb=-1.3500000e-02 Drout=0.2800000 Pscbe1=8.6600000e+08 \
      Pscbe2=1.0000000e-20 Pvag=-0.2800000 Delta=1.0100000e-02 Alpha0=0.00 Beta0=30.0000000 \
      Kt1=-0.3400000 Kt2=-5.2700000e-02 At=0.00 Ute=-1.2300000 Ua1=-8.6300000e-10 Ub1=2.0000001e-18 \
      Uc1=0.00 Kt1l=4.0000000e-09 Prt=0.00 Cj=0.0015 Mj=0.7175511 Pb=1.24859 Cjsw=2e-10 Mjsw=0.3706993 \
      Cta=9.290391e-04 Ctp=7.456211e-04 Pta=1.527748e-03 Ptp=1.56325e-03 Js=2.50e-08 Jsw=4.00e-13 \
      Nj=1.0 Xti=3.0 Cgdo=2.75e-10 Cgso=2.75e-10 Cgbo=0.0e+00 Capmod=2 Nqsmod=0 Elm=5 Xpart=1 \
      Cgsl=1.1155e-10 Cgdl=1.1155e-10 Ckappa=0.8912 Cf=1.113e-10 Clc=5.475e-08 Cle=6.46 \
      Dlc=2e-08 Dwc=0 Vfbcv=-1 NMOS=1 PMOS=0 Pbswg=0.7731149 Pbsw=0.7731149 Idsmod=8 Vbm=-3.0 \
      Em=4.1e7
;
; Predictive Technology Model Beta Version
; 130nm PMOS SPICE Parametersv (normal one)
;
model pmos MOSFET Lint=2.e-08 Tox=3.3e-09 Vth0=-0.3499 Rdsw=400 Tnom=27.0 Version=3.1 Xj=4.5000000e-08 \
      Nch=6.8500000e+18 Lln=0.00 Lwn=0.00 Wln=0.00 Wwn=0.00 Ll=0.00 Lw=0.00 Lwl=0.00 Wint=0.00 \
      Wl=0.00 Ww=0.00 Wwl=0.00 Mobmod=1 Binunit=2 Xl=0 Xw=0 Dwg=0.00 Dwb=0.00 K1=0.4087000 K2=0.00 \
      K3=0.00 Dvt0=5.0000000 Dvt1=0.2600000 Dvt2=-1.0000000e-02 Dvt0w=0.00 Dvt1w=0.00 Dvt2w=0.00 \
      Nlx=1.6500000e-07 W0=0.00 K3b=0.00 Ngate=5.0000000e+20 Vsat=1.0500000e+05 Ua=-1.4000000e-09 \
      Ub=1.9499999e-18 Uc=-2.9999999e-11 Prwb=0.00 Prwg=0.00 Wr=1.0000000 U0=5.2000000e-03 \
      A0=2.1199999 Keta=3.0300001e-02 A1=0.00 A2=0.4000000 Ags=0.1000000 B0=0.00 B1=0.00 \
      Voff=-9.10000000e-02 Nfactor=0.1250000 Cit=2.7999999e-03 Cdsc=0.00 Cdscb=0.00 Cdscd=0.00 \
      Eta0=80.0000000 Etab=0.00 Dsub=1.8500000 Pclm=2.5000000 Pdiblc1=4.8000000e-02 Pdiblc2=5.0000000e-05 \
      Pdiblcb=0.1432509 Drout=9.0000000e-02 Pscbe1=1.0000000e-20 Pscbe2=1.0000000e-20 \
      Pvag=-6.0000000e-02 Delta=1.0100000e-02 Alpha0=0.00 Beta0=30.0000000 Kt1=-0.3400000 \
      Kt2=-5.2700000e-02 At=0.00 Ute=-1.2300000 Ua1=-8.6300000e-10 Ub1=2.0000001e-18 Uc1=0.00 \
      Kt1l=4.0000000e-09 Prt=0.00 Cj=0.0015 Mj=0.7175511 Pb=1.24859 Cjsw=2e-10 Mjsw=0.3706993 \
      Cta=9.290391e-04 Ctp=7.456211e-04 Pta=1.527748e-03 Ptp=1.56325e-03 Js=2.50e-08 Jsw=4.00e-13 \
      Nj=1.0 Xti=3.0 Cgdo=2.75e-10 Cgso=2.75e-10 Cgbo=0.0e+00 Capmod=2 Nqsmod=0 Elm=5 Xpart=1 \
      Cgsl=1.1155e-10 Cgdl=1.1155e-10 Ckappa=0.8912 Cf=1.113e-10 Clc=5.475e-08 Cle=6.46 \
      Dlc=2e-08 Dwc=0 Vfbcv=-1 PMOS=1 NMOS=0 Pbswg=0.7731149 Pbsw=0.7731149 Idsmod=8 Vbm=-3.0 \
      Em=4.1e7 Noia=9.9e18 Noib=2.4e3 Noic=1.4e-12
